ITS2 type profile UID		210973	210774	211024	211020	211035	210974	211058	211226	212760	212761	212759	212783	211973	212853	211941	212468	212992	212667	212852	212470	213114	213320	213110	213273	213399	213354	213365	213243	213510	213394	213525	213275	213319	213085	213089	213242	213453
Clade		A	A	A	A	A	A	A	B	C	C	C	C	C	C	C	C	C	C	C	C	D	D	D	D	D	D	D	D	D	D	D	D	D	D	D	D	F
Majority ITS2 sequence		A1	A1	A10	A1	A3	A1	A4at	B1	C64a/C64b	C64b/C64a/C1	C3/C1	C64b/C3	C64b	C3	C3	C1	C3dx	C1	C1	C1	D1	D1	D1	D1	D5	D1	D5/D4	D4/D5	D1	D6	D4c	D1	D1	D1	D1	D1	F3m
Associated species		None	None	None	None	None	None	None	None	None	None	None	None	None	None	None	None	None	None	None	None	None	None	None	None	None	None	None	None	None	None	None	None	None	None	None	None	None
ITS2 profile abundance local		32	13	4	2	2	1	1	7	16	13	12	6	3	3	2	2	1	1	1	1	11	6	6	5	2	2	2	2	1	1	1	1	1	1	1	1	1
ITS2 profile abundance DB		34	46	8	241	85	12	21	8	18	14	12	6	3	65	117	12	9	8	57	4	47	166	173	25	12	66	47	10	227	6	10	38	6	15	12	17	1
ITS2 type profile		A1-A1bw-A1bf-A1mk-A1bx	A1-A1bw-A1bf-A1bx-A1eb	A10	A1	A3	A1-A1bw-A1bf	A4at	B1-B1g-B1h-B1i-B1s	C64a/C64b-C64c-C64d-C64f-C64e-C64g	C64b/C64a/C1-C64c-C64d-C64f-C64e	C3/C1-C3gulf-C1bz	C64b/C3-C64a-C64c-C64d	C64b-C64a-C64c-C64d-C64e-C64f	C3	C3/C1	C1-C1dw-C3dx	C3dx	C1/C1w	C1	C1-C1mw-C1dw-C3wt-C1mx	D1-D4-D6-D17d-D1r-D17e-D17c	D1-D4-D17d-D4c-D1r-D17e-D17c-D17j	D1-D4-D6-D4c-D2	D1/D4/D5-D2-D4c-D5m-D17k-D17j	D5	D1-D4-D4c-D17ao-D17ar-D17ap-D17aq-D17ah-D5af	D4/D5/D1-D9b-D17j-D17m-D7a-D17n-D17l	D4/D5/D1-D9b	D1-D4-D4c-D1h-D2-D4f	D6	D4c	D1/D4-D4c-D2-D5	D1-D4-D1r-D4c-D17c-D17d-D5m	D1/D6-D4-D6c-D1b-D1d	D1-D4-D4c-D17d-D1r-D17c-D17e	D1/D4-D17d-D17j-D1r-D17e-D17c	F3m
147997	31	48809.0	0	0	0	0	0	0	0	0	0	0	6443.0	0	0	0	0	0	0	0	0	0	0	0	0	0	2728.0	0	0	0	0	0	0	0	0	0	0	0
147980	14	61219.0	0	0	0	0	0	0	0	0	0	13275.0	0	0	0	0	0	0	0	0	0	0	0	0	0	0	1257.0	0	0	0	0	0	0	0	0	0	0	0
147990	24	77995.0	0	0	0	0	0	0	0	0	0	0	13736.0	0	0	0	0	0	0	0	0	0	0	0	0	0	0	6739.0	0	0	0	0	0	0	0	0	0	0
147973	7	46233.0	0	0	0	0	0	0	1734.0	0	0	14703.0	0	0	0	0	0	0	0	0	0	0	766.0	0	0	0	0	0	0	0	0	0	0	0	0	0	0	0
147974	8	48992.0	0	0	0	0	0	0	1116.0	0	0	13691.0	0	0	0	0	0	0	0	0	0	0	0	0	0	0	0	0	0	0	0	0	0	0	0	0	0	2393.0
147981	15	58091.0	0	0	0	0	0	0	333.0	0	0	22009.0	0	2301.0	0	0	0	0	0	0	0	0	0	0	0	0	0	0	0	0	0	0	145.0	0	0	0	0	0
147978	12	50330.0	0	0	0	0	0	0	859.0	0	0	15912.0	0	0	0	0	0	0	0	0	0	0	0	0	3454.0	0	0	0	0	0	0	0	0	0	0	0	0	0
148000	34	28759.0	0	0	0	0	0	0	0	13811.0	0	0	0	0	0	0	0	0	0	0	0	0	0	0	0	0	0	0	0	0	0	0	0	0	0	0	0	0
148002	36	39449.0	0	0	0	0	0	0	0	22776.0	0	0	0	0	0	0	0	0	0	0	0	325.0	0	0	0	0	0	0	0	0	0	28.0	0	0	0	0	0	0
147984	18	47835.0	0	0	0	0	0	0	1311.0	0	0	18147.0	0	3288.0	0	0	0	0	0	0	0	0	0	0	0	0	0	0	384.0	0	0	0	0	0	0	0	0	0
147991	25	50690.0	0	0	0	0	0	0	0	0	19950.0	0	0	0	0	0	0	0	0	0	0	0	0	0	3891.0	0	0	0	0	0	0	0	0	0	0	0	0	0
147986	20	52148.0	0	0	0	0	0	0	0	0	0	27177.0	0	0	0	0	0	0	0	0	0	0	1511.0	0	0	0	0	0	0	0	0	0	0	0	0	0	0	0
147989	23	61562.0	0	0	0	0	0	0	0	28939.0	0	0	0	0	0	1623.0	0	0	0	0	0	0	0	0	5178.0	0	0	0	0	0	0	0	0	0	0	0	0	0
147985	19	70634.0	0	0	0	0	0	0	0	0	0	0	31013.0	0	0	0	0	0	0	0	0	0	4242.0	0	0	0	0	0	0	0	0	0	0	0	0	0	0	0
147977	11	38839.0	0	8958.0	0	0	0	0	2531.0	0	0	20022.0	0	0	0	0	0	0	0	0	0	0	0	0	0	0	0	0	0	0	0	0	0	0	0	0	0	0
147992	26	25513.0	0	0	0	0	0	0	0	0	14165.0	0	0	0	0	0	0	0	0	0	0	1523.0	0	0	0	0	0	0	0	0	0	0	0	0	0	0	0	0
147983	17	56648.0	0	0	0	0	0	0	0	0	0	29504.0	0	0	0	0	0	0	0	0	0	16581.0	0	0	0	0	0	0	0	0	0	0	0	0	0	0	0	0
147979	13	32691.0	0	6377.0	0	0	0	0	511.0	0	0	20185.0	0	0	0	0	0	0	0	0	0	0	0	0	0	12.0	0	0	0	0	0	0	0	0	0	142.0	0	0
147975	9	32932.0	0	5837.0	0	0	0	0	0	0	0	28916.0	0	0	0	0	0	0	0	0	0	0	0	0	0	0	0	0	0	0	0	0	0	0	0	0	0	0
148007	41	25586.0	0	0	0	0	0	0	0	0	13001.0	0	0	0	0	0	0	0	0	0	0	0	10108.0	0	0	0	0	0	0	0	0	0	0	0	0	0	0	0
148015	50	18447.0	0	0	0	0	0	0	0	0	15066.0	0	0	0	0	0	0	0	0	0	0	0	0	0	5365.0	0	0	0	0	0	382.0	0	0	0	0	0	0	0
147982	16	26308.0	0	0	0	2328.0	0	0	0	0	0	0	16206.0	0	0	0	0	0	0	2317.0	0	0	0	0	6132.0	0	0	0	0	0	0	0	0	0	0	0	0	0
147998	32	4552.0	0	0	0	0	0	0	0	27093.0	0	0	0	0	0	0	0	0	0	0	0	0	0	205.0	0	0	0	0	0	0	0	0	0	0	0	0	0	0
147999	33	11578.0	0	0	0	0	0	0	0	57936.0	0	0	0	0	0	0	0	0	0	0	0	1258.0	0	0	0	0	0	0	0	0	0	0	0	0	0	0	0	0
148009	44	8971.0	0	0	0	0	0	0	0	38368.0	0	0	0	0	0	0	0	0	0	0	0	405.0	0	0	0	0	0	0	0	0	0	0	0	0	0	0	0	0
148001	35	16983.0	0	0	0	0	0	0	0	32930.0	0	0	0	0	0	0	0	0	0	0	0	0	0	0	0	0	0	0	0	0	0	0	0	0	0	0	0	0
147994	28	0	20606.0	0	0	0	0	0	0	48864.0	0	0	0	0	0	0	0	0	0	0	0	1820.0	0	0	0	0	0	0	0	0	0	0	0	0	0	0	0	0
148004	38	11886.0	0	0	0	0	0	0	0	22145.0	0	0	0	0	0	0	0	0	0	0	0	401.0	0	0	0	0	0	0	0	0	0	0	0	0	0	0	0	0
148016	51	0	14215.0	0	0	0	0	0	0	20672.0	0	0	0	0	0	0	0	0	0	0	0	0	0	183.0	0	0	0	0	0	0	0	0	0	0	0	0	0	0
147987	21	45656.0	0	0	0	0	0	0	0	73967.0	0	0	0	0	0	0	0	0	0	0	0	0	0	0	0	0	0	1802.0	0	0	0	0	0	0	0	0	0	0
147988	22	29725.0	0	0	0	0	0	0	0	37234.0	0	0	0	0	0	1605.0	0	0	0	0	0	0	0	0	0	33.0	0	0	0	0	0	0	0	0	0	0	165.0	0
148017	52	2938.0	0	0	0	0	0	0	0	0	31056.0	0	0	0	0	0	0	0	0	0	0	0	0	380.0	0	0	0	0	0	0	0	0	0	0	0	0	0	0
148010	45	0	12753.0	0	0	0	0	0	0	0	28914.0	0	0	0	0	0	0	0	0	0	0	0	0	228.0	0	0	0	0	0	0	0	0	0	0	0	0	0	0
148006	40	4465.0	0	0	0	0	0	0	0	0	22000.0	0	0	0	0	0	0	0	0	0	0	0	9010.0	0	0	0	0	0	0	0	0	0	0	0	0	0	0	0
148005	39	0	9559.0	0	0	0	0	0	0	0	26222.0	0	0	0	0	0	0	0	0	0	0	1898.0	0	0	0	0	0	0	0	0	0	0	0	0	0	0	0	0
148014	49	19265.0	0	0	0	0	0	0	0	0	10893.0	0	0	0	1501.0	0	0	0	0	0	0	0	4307.0	0	0	0	0	0	0	0	0	0	0	0	0	0	0	0
148012	47	0	37542.0	0	0	0	0	0	0	0	14826.0	0	0	0	0	0	0	0	0	0	0	0	0	0	0	0	0	0	0	0	0	0	0	0	0	0	0	0
148013	48	0	35568.0	0	0	0	0	0	0	14863.0	0	0	0	0	0	0	0	0	0	0	0	0	0	185.0	0	0	0	0	0	0	0	0	0	0	0	0	0	0
147972	4	0	30424.0	0	0	0	0	0	0	0	13278.0	0	0	0	937.0	0	0	0	0	0	0	0	0	0	0	0	0	0	0	0	0	0	0	0	0	0	0	0
148008	42	0	20923.0	0	0	0	0	0	0	0	10994.0	0	0	0	0	0	0	0	0	0	0	4893.0	0	0	0	0	0	0	0	0	0	0	0	0	0	0	0	0
147995	29	0	34858.0	0	0	0	0	0	0	25807.0	0	0	0	0	0	0	0	0	890.0	0	0	934.0	0	0	0	0	0	0	0	0	0	0	0	0	0	0	0	0
148003	37	0	16512.0	0	0	0	0	4970.0	0	23173.0	0	0	0	0	0	0	0	0	0	0	0	703.0	0	0	0	0	0	0	0	0	0	0	0	0	0	0	0	0
148011	46	0	13327.0	0	0	0	0	0	0	0	10345.0	0	0	0	0	0	0	0	0	0	0	0	0	35002.0	0	0	0	0	0	0	0	0	0	0	0	0	0	0
147971	3	0	0	0	100468.0	0	0	0	0	0	0	1923.0	0	367.0	0	0	0	0	0	0	0	0	0	0	0	0	0	0	0	0	0	0	0	188.0	0	0	0	0
148018	53	0	1704.0	0	0	0	0	0	0	0	0	0	4095.0	0	0	0	36542.0	0	0	0	0	0	0	0	0	0	0	0	0	584.0	0	0	0	0	0	0	0	0
147976	10	0	0	14573.0	5705.0	0	0	0	0	0	0	0	0	0	2590.0	0	36848.0	0	0	0	0	0	0	0	0	0	0	0	0	0	0	0	0	0	0	0	0	0
147993	27	0	0	0	0	12762.0	66874.0	0	0	0	0	0	2033.0	0	0	0	0	0	0	0	0	0	0	0	0	0	0	0	15643.0	0	0	0	0	0	0	0	0	0
147996	30	0	11555.0	0	0	0	0	0	0	12376.0	0	0	0	0	0	0	0	0	0	0	0	0	0	0	0	0	0	0	0	0	0	0	0	0	15235.0	0	0	0
148019	54	0	0	0	0	0	0	0	0	0	0	0	0	0	0	0	0	714.0	0	0	11784.0	0	0	0	0	0	0	0	0	0	0	0	0	0	0	0	0	0
Sequence accession / SymPortal UID		883-968-914-26443-976	883-968-914-976-1888	56591	883	22385	883-914-968	2830	4946-29275-29227-29343-51798	3042/48404-72684-72685-72687-72686-5966	48404/3042/2-72684-72685-72687-72686	32/2-18740-863	48404/32-3042-72684-72685	48404-3042-72684-72685-72686-72687	32	32-2	2-10245-57897	10245	2-833	2	2-26673-57897-1583161-1223389	853-854-933-2582-1759-944-2587	853-854-2582-1730-1759-944-2587-1768	853-854-933-855-1730	853-854-855-1732-1730-939-2594-1768	1732	853-854-1730-2102-2795-2131-908-2899-2904	1732/854-18699-853-25064-1768-25112-2597-25065	854/1732-18699-853	853-854-855-1730-1752-2332	933	1730	853-855-854-1732-1730	853-854-944-2582-939-1759-1730	853-933-854-935-3850-940	853-854-944-1730-1759-2587-2582	853-854-1768-2582-944-1759-2587	1450938
Average defining sequence proportions and [stdev]		0.815[0.067]-0.056[0.032]-0.047[0.022]-0.043[0.014]-0.038[0.021]	0.807[0.089]-0.071[0.038]-0.057[0.023]-0.046[0.022]-0.020[0.008]	1.000[0.000]	1.000[0.000]	1.000[0.000]	0.976[nan]-0.013[nan]-0.011[nan]	1.000[nan]	0.701[0.088]-0.131[0.035]-0.069[0.026]-0.052[0.029]-0.047[0.019]	0.292[0.018]/0.222[0.029]-0.175[0.016]-0.135[0.010]-0.083[0.014]-0.056[0.006]-0.038[0.003]	0.284[0.106]/0.259[0.035]-0.154[0.035]-0.112[0.026]/0.088[0.072]-0.059[0.021]-0.044[0.008]	0.627[0.150]/0.188[0.189]-0.121[0.033]-0.063[0.036]	0.333[0.212]/0.270[0.145]-0.221[0.065]-0.099[0.032]-0.077[0.027]	0.361[0.061]-0.254[0.031]-0.176[0.037]-0.099[0.034]-0.062[0.014]-0.048[0.015]	1.000[0.000]	0.576[0.041]-0.424[0.041]	0.864[0.018]-0.079[0.006]-0.057[0.012]	1.000[nan]	0.739[nan]-0.261[nan]	1.000[nan]	0.420[nan]-0.277[nan]-0.168[nan]-0.086[nan]-0.049[nan]	0.400[0.068]-0.234[0.042]-0.161[0.060]-0.058[0.031]-0.051[0.029]-0.048[0.028]-0.048[0.027]	0.497[0.035]-0.221[0.055]-0.057[0.022]-0.055[0.033]-0.053[0.019]-0.047[0.013]-0.041[0.014]-0.028[0.008]	0.503[0.056]-0.268[0.039]-0.098[0.036]-0.074[0.035]-0.057[0.022]	0.452[0.048]-0.277[0.047]-0.079[0.041]-0.044[0.025]-0.042[0.013]-0.038[0.010]-0.035[0.014]-0.032[0.008]	1.000[0.000]	0.494[0.003]-0.182[0.015]-0.114[0.007]-0.063[0.005]-0.043[0.004]-0.037[0.001]-0.031[0.014]-0.018[0.005]-0.017[0.002]	0.320[0.152]/0.305[0.004]-0.145[0.048]-0.046[0.029]-0.041[0.033]-0.040[0.041]-0.037[0.029]-0.037[0.042]-0.029[0.029]	0.379[0.256]/0.354[0.338]-0.135[0.088]-0.132[0.171]	0.479[nan]-0.272[nan]-0.103[nan]-0.067[nan]-0.060[nan]-0.019[nan]	1.000[nan]	1.000[nan]	0.462[nan]-0.221[nan]-0.179[nan]-0.103[nan]-0.034[nan]	0.447[nan]-0.239[nan]-0.074[nan]-0.069[nan]-0.064[nan]-0.059[nan]-0.048[nan]	0.376[nan]-0.275[nan]-0.255[nan]-0.046[nan]-0.036[nan]-0.012[nan]	0.472[nan]-0.190[nan]-0.099[nan]-0.085[nan]-0.056[nan]-0.049[nan]-0.049[nan]	0.406[nan]-0.236[nan]-0.109[nan]-0.079[nan]-0.079[nan]-0.061[nan]-0.030[nan]	1.000[nan]
